1000
78
79
45
69
26
97
52
93
14
41
53
45
36
74
48
26
57
54
45
38
42
93
18
15
77
0
54
16
33
85
54
11
28
87
41
85
64
15
27
44
4
49
59
28
22
26
44
0
53
77
98
34
8
79
40
16
76
32
21
8
7
60
58
22
36
69
49
94
73
13
19
16
88
73
58
84
7
85
82
6
43
56
95
13
69
7
46
70
80
27
5
95
85
7
21
10
19
48
63
59
99
60
28
83
50
78
85
9
43
6
13
64
62
36
10
62
5
7
23
17
23
26
70
80
79
75
19
91
90
61
79
52
27
80
97
32
73
36
82
2
51
26
38
5
25
13
48
28
51
92
87
75
58
57
27
3
1
88
9
78
36
26
96
47
62
87
43
22
51
34
4
75
52
46
94
65
67
52
75
35
39
40
13
67
39
21
55
36
65
4
87
88
56
30
54
11
90
44
23
88
53
19
90
64
72
5
60
76
52
23
68
36
56
23
17
86
79
74
59
9
55
98
77
56
14
27
64
66
3
91
64
14
27
88
85
30
58
6
33
62
90
46
64
76
11
6
40
14
60
65
26
74
5
47
17
37
73
74
74
27
73
13
29
67
24
21
94
87
95
96
83
85
74
60
78
1
16
90
46
55
85
73
34
24
19
68
65
68
59
5
34
10
80
91
15
84
82
13
26
34
27
81
27
14
83
27
7
2
42
87
56
47
59
25
73
82
83
89
57
67
3
7
73
39
41
61
64
91
10
74
61
41
5
52
23
22
71
16
57
47
84
86
40
88
57
86
10
91
82
23
30
95
88
9
81
74
80
96
77
53
90
84
61
15
27
99
36
35
93
56
89
20
27
12
64
25
43
84
60
50
53
66
24
34
59
34
37
33
2
7
85
90
62
64
42
14
85
94
46
91
30
60
48
69
24
50
82
91
39
97
52
83
1
87
45
18
41
96
28
76
24
51
65
7
27
65
69
44
8
56
98
79
4
57
10
78
26
0
30
8
30
83
38
89
24
65
68
53
88
63
68
40
75
81
11
13
73
93
47
58
66
36
68
75
46
13
53
95
44
3
12
59
26
65
36
26
8
58
63
83
40
70
81
75
61
47
70
20
41
54
46
85
4
47
91
45
3
52
28
19
14
11
56
16
50
35
29
32
57
59
47
25
45
15
76
3
93
93
92
99
87
88
26
87
21
98
42
9
6
62
73
59
5
14
64
59
65
76
36
16
86
1
51
12
63
44
89
34
4
26
41
96
78
81
34
15
67
63
99
6
81
37
82
62
63
49
12
85
49
44
18
0
39
73
49
63
6
93
61
36
35
99
28
43
59
33
98
25
4
59
95
53
80
35
71
64
0
34
82
48
45
83
65
39
26
52
27
60
48
61
20
98
37
7
17
7
91
23
70
92
72
98
4
32
38
45
54
25
44
65
90
61
93
82
9
1
39
23
39
97
4
51
91
87
39
91
64
27
95
94
26
91
53
78
39
9
83
34
52
59
15
7
64
12
92
39
60
71
46
97
47
38
88
98
96
13
87
30
79
35
63
30
57
73
70
42
92
19
93
92
65
79
18
98
95
43
27
45
54
81
93
87
70
54
42
3
43
80
74
35
35
54
38
36
72
86
85
12
80
78
79
79
48
48
67
47
82
41
99
71
71
61
56
7
49
0
59
27
23
97
45
3
71
70
91
38
53
64
27
64
61
47
43
8
16
90
8
98
55
58
86
18
21
2
84
46
25
46
6
88
24
88
21
68
12
17
81
47
47
21
7
42
63
53
10
71
14
17
23
24
2
45
88
34
40
48
36
2
79
95
74
42
15
1
81
90
90
58
52
46
89
73
54
79
47
84
1
75
71
26
50
98
24
29
41
10
9
28
36
46
98
8
73
31
78
41
20
17
10
42
89
40
24
97
74
13
74
70
57
19
96
72
55
20
69
90
53
0
87
68
49
74
63
77
47
87
53
29
23
20
90
45
70
54
40
63
45
21
81
53
22
44
38
63
27
46
21
25
38
86
50
61
97
3
26
9
99
16
66
70
20
77
44
86
62
90
43
47
52
94
77
18
15
75
32
77
87
33
28
96
82
15
57
44
61
56
53
40
31
14
81
27
55
84
32
35
60
18
6
47
81
56
23
26
84
85
13
24
3
13
75
67
86
86
35
74
84
42
94
54
28
96
29
78
55
16
89
52
25
78
90
0
7
1
8
5
34
59
28
30
61
91
68
38
7
86
91
13
16
81
78
68
45
8
80
13
16
71
20
42